#          omega_b,        omega_cdm,                h,     ln10^{10}A_s,              n_s,         tau_reio,  delta_Neff_drmd,      log10z_stop,       f_idm_drmd,      log10G/(aH),        A_cib_217,        xi_sz_cib,             A_sz,     ps_A_100_100,     ps_A_143_143,     ps_A_143_217,     ps_A_217_217,         ksz_norm,     gal545_A_100,     gal545_A_143, gal545_A_143_217,     gal545_A_217,    galf_TE_A_100, galf_TE_A_100_143, galf_TE_A_100_217,    galf_TE_A_143, galf_TE_A_143_217,    galf_TE_A_217,       calib_100T,       calib_217T,         A_planck,                M,               H0,          Omega_m,           sigma8,             rs_d,           f_drmd,       z_dec_drmd,              YHe
 6.046079e-08	 9.647856e-07	 3.172357e-06	 8.603967e-09	 6.859998e-07	 1.673269e-07	 4.879608e-05	 5.489800e-05	 1.003768e-06	 1.074230e-04	 1.304024e-04	 1.436320e-07	-3.247585e-05	 7.364302e-04	 4.760404e-04	 2.756789e-04	 1.043463e-04	 5.833022e-05	 8.652756e-06	 9.936761e-06	 2.051354e-05	-2.084506e-05	-1.012580e-07	 3.145121e-08	-5.494362e-08	 1.178629e-07	-8.910596e-07	-3.936414e-06	-7.179247e-10	 5.002152e-09	-2.273800e-08	 9.498370e-06	 3.172357e-04	-7.155979e-07	 5.248890e-07	-5.204843e-04	 5.877773e-06	 7.243689e-02	 2.437726e-08	
 9.647856e-07	 2.587832e-05	 6.563709e-05	-1.215626e-05	 1.252912e-05	-3.430461e-06	 1.202379e-03	 9.866804e-04	 2.485873e-05	 2.782941e-03	 5.011058e-03	-6.007490e-05	-1.182804e-03	 2.386017e-02	 1.559267e-02	 7.150524e-03	 1.926239e-03	 2.171713e-03	 3.559086e-04	 4.791037e-04	 7.524888e-04	-6.591367e-04	-1.547943e-06	 2.468773e-07	 1.013939e-06	 7.659682e-06	-5.370627e-06	-2.585372e-05	-1.029131e-07	 1.871821e-07	-9.587252e-07	 2.020139e-04	 6.563709e-03	-3.132769e-06	 1.201093e-05	-1.280190e-02	 1.450381e-04	 4.219410e-01	 3.933467e-07	
 3.172357e-06	 6.563709e-05	 2.166384e-04	-2.124162e-05	 4.239697e-05	 7.372761e-06	 3.410957e-03	 2.377655e-03	 4.339219e-05	 5.699933e-03	 1.324535e-02	-1.366378e-04	-3.038844e-03	 6.470401e-02	 4.312417e-02	 2.078189e-02	 6.599267e-03	 5.682455e-03	 9.569825e-04	 1.141075e-03	 2.154309e-03	-1.564640e-03	-1.359171e-06	 2.960579e-06	-9.064291e-06	 1.112097e-05	-3.158509e-05	-1.354705e-04	-2.236261e-07	 4.495175e-07	-1.439566e-06	 6.495993e-04	 2.166384e-02	-5.117078e-05	 4.532722e-05	-3.491018e-02	 4.120863e-04	 2.276529e+00	 1.283993e-06	
 8.603967e-09	-1.215626e-05	-2.124162e-05	 2.173769e-04	 7.225023e-06	 9.240416e-05	-5.539724e-04	-3.929171e-04	 8.834140e-06	 4.758412e-03	-8.235952e-03	 1.676733e-04	 1.722201e-03	-2.568945e-02	-1.196413e-02	-2.480170e-04	 9.355930e-03	-3.518958e-03	-2.185541e-04	-1.013295e-03	-6.420632e-05	 5.383467e-03	-6.743488e-06	 4.395812e-06	-2.730705e-05	 1.648417e-05	-1.030184e-05	-9.639761e-05	 1.643103e-07	-1.636752e-07	 1.138868e-05	-6.897297e-05	-2.124162e-03	-6.140105e-06	 5.398658e-05	 5.462890e-03	-6.645325e-05	-2.966286e+00	-4.813214e-09	
 6.859998e-07	 1.252912e-05	 4.239697e-05	 7.225023e-06	 2.364678e-05	 4.816979e-06	 6.394743e-04	 9.978227e-04	 2.671585e-05	 1.883375e-03	-1.908115e-03	 8.353241e-05	 5.743144e-04	-9.936587e-03	 2.156772e-03	 6.691661e-03	 7.087976e-03	-1.544059e-03	 4.717293e-04	-2.367401e-04	 2.196306e-04	 1.205915e-03	-4.542239e-06	 3.418624e-07	 6.128471e-06	 2.506484e-07	-2.867933e-06	-9.702262e-06	-1.081132e-07	 1.116962e-08	 4.869000e-07	 1.269725e-04	 4.239697e-03	-1.059816e-05	 6.107917e-07	-6.646356e-03	 7.659608e-05	 7.354944e-01	 2.797957e-07	
 1.673269e-07	-3.430461e-06	 7.372761e-06	 9.240416e-05	 4.816979e-06	 5.009387e-05	-5.439834e-05	-3.495968e-04	-7.951164e-06	 1.697852e-03	-2.324150e-03	 5.707917e-05	 3.831263e-04	-7.446537e-03	-2.961216e-03	-2.814744e-04	 1.195137e-03	-6.390174e-04	 3.821920e-05	-1.437296e-04	 3.452498e-07	 7.936796e-04	-2.415246e-06	 2.330838e-06	-1.351318e-05	 8.576283e-06	-1.005037e-05	-6.985649e-05	 3.128090e-08	-8.284453e-08	-8.621714e-07	 1.708606e-05	 7.372761e-04	-1.327715e-05	 3.293621e-05	 8.610953e-04	-5.769318e-06	-1.153503e+00	 6.121342e-08	
 4.879608e-05	 1.202379e-03	 3.410957e-03	-5.539724e-04	 6.394743e-04	-5.439834e-05	 5.866886e-02	 4.231275e-02	 9.536337e-04	 1.132036e-01	 2.424395e-01	-2.819762e-03	-5.694961e-02	 1.162115e+00	 7.684429e-01	 3.560229e-01	 1.018275e-01	 1.048931e-01	 1.754090e-02	 2.241606e-02	 3.773180e-02	-3.041677e-02	-3.835893e-05	 3.056080e-05	-4.353437e-05	 3.099757e-04	-3.602764e-04	-1.543308e-03	-4.740039e-06	 8.695156e-06	-3.912957e-05	 1.037664e-02	 3.410957e-01	-4.591285e-04	 6.902167e-04	-6.121134e-01	 7.083536e-03	 2.734460e+01	 1.983609e-05	
 5.489800e-05	 9.866804e-04	 2.377655e-03	-3.929171e-04	 9.978227e-04	-3.495968e-04	 4.231275e-02	 5.276735e-01	 4.848422e-03	 6.427449e-01	 4.297934e-02	 5.954520e-05	-5.410382e-02	 7.941077e-01	 3.897568e-01	 1.822957e-01	 9.659061e-02	 4.722041e-02	 1.360973e-02	 1.621113e-02	 1.110345e-02	 8.257561e-03	 2.395169e-04	 4.171940e-04	 1.045092e-03	-2.787836e-04	 3.080546e-04	-2.337822e-03	 3.402543e-06	-2.927486e-06	-7.632339e-05	 7.457661e-03	 2.377655e-01	 2.084088e-05	-9.785355e-04	-4.879479e-01	 5.056290e-03	 9.210319e+02	 2.208857e-05	
 1.003768e-06	 2.485873e-05	 4.339219e-05	 8.834140e-06	 2.671585e-05	-7.951164e-06	 9.536337e-04	 4.848422e-03	 2.044806e-04	 2.233341e-03	 3.661953e-03	 5.709231e-05	-1.665853e-04	 1.609104e-02	 8.877511e-03	 8.321802e-03	 2.697930e-03	 7.128782e-05	-4.036269e-05	 7.848454e-04	 8.290670e-04	-6.227809e-04	-1.434422e-06	-4.561226e-07	 2.896115e-05	 3.975219e-06	 8.707832e-06	-1.325180e-05	 5.182743e-08	 3.273503e-08	 8.113415e-07	 1.375736e-04	 4.339219e-03	 1.416843e-05	-8.981657e-05	-1.103694e-02	 1.090003e-04	 7.436580e+00	 4.247864e-07	
 1.074230e-04	 2.782941e-03	 5.699933e-03	 4.758412e-03	 1.883375e-03	 1.697852e-03	 1.132036e-01	 6.427449e-01	 2.233341e-03	 1.207137e+01	 1.841815e-01	 1.082286e-02	-1.736709e-01	 2.002575e+00	 1.246512e+00	 6.631568e-01	 2.463834e-01	 1.768491e-01	 3.339861e-02	-1.884243e-02	 4.161660e-04	-7.208560e-02	-3.200398e-03	 1.231621e-03	 2.085433e-03	 3.488046e-03	 1.453208e-04	-5.212447e-03	-6.741960e-06	-2.350248e-05	-5.053313e-05	 1.757137e-02	 5.699933e-01	 8.567836e-04	 2.812679e-03	-1.283942e+00	 1.334401e-02	-1.455492e+03	 4.516090e-05	
 1.304024e-04	 5.011058e-03	 1.324535e-02	-8.235952e-03	-1.908115e-03	-2.324150e-03	 2.424395e-01	 4.297934e-02	 3.661953e-03	 1.841815e-01	 4.565436e+01	-3.949763e-01	-9.717253e-01	 3.878546e+01	 4.337713e+00	-1.154922e+01	-5.457163e+01	 1.399475e-01	 2.452932e-01	 9.007663e-01	-5.730762e+00	-3.386559e+01	-1.803963e-03	-2.476611e-04	 1.076355e-03	 4.502804e-03	-6.602842e-03	-2.231901e-02	-2.186865e-04	 7.364246e-04	-8.442127e-05	 4.067830e-02	 1.324535e+00	-1.194225e-03	 1.220376e-04	-2.469115e+00	 2.933458e-02	-7.407279e+01	 5.347077e-05	
 1.436320e-07	-6.007490e-05	-1.366378e-04	 1.676733e-04	 8.353241e-05	 5.707917e-05	-2.819762e-03	 5.954520e-05	 5.709231e-05	 1.082286e-02	-3.949763e-01	 8.257834e-02	-5.062205e-02	-4.498275e-01	 8.811514e-01	 1.636542e+00	 5.918379e-01	 4.967950e-02	-1.168770e-02	 8.232361e-03	 1.026240e-01	 1.243128e-01	-8.346653e-05	 3.480469e-06	-3.200167e-04	 2.728389e-05	 2.100482e-04	-1.079540e-03	 2.200311e-06	-3.238954e-06	 1.087695e-06	-4.426588e-04	-1.366378e-02	-1.473619e-06	-2.834951e-05	 2.778596e-02	-3.474624e-04	 3.079995e+00	 6.468657e-08	
-3.247585e-05	-1.182804e-03	-3.038844e-03	 1.722201e-03	 5.743144e-04	 3.831263e-04	-5.694961e-02	-5.410382e-02	-1.665853e-04	-1.736709e-01	-9.717253e-01	-5.062205e-02	 3.938089e+00	-3.100923e+01	-3.948240e+00	 7.200660e+00	 5.299012e+00	-3.016390e+00	-2.430868e-01	 1.066389e-01	 2.615888e+00	 3.434181e+00	 1.302649e-03	-3.570351e-04	 4.027084e-03	-1.997284e-03	 1.560811e-03	 1.826401e-03	 1.080009e-04	-2.465639e-05	 2.302342e-04	-9.149959e-03	-3.038844e-01	 1.988067e-04	-6.475309e-04	 5.838167e-01	-6.893429e-03	-1.306507e+02	-1.335992e-05	
 7.364302e-04	 2.386017e-02	 6.470401e-02	-2.568945e-02	-9.936587e-03	-7.446537e-03	 1.162115e+00	 7.941077e-01	 1.609104e-02	 2.002575e+00	 3.878546e+01	-4.498275e-01	-3.100923e+01	 7.821220e+02	 8.254092e+01	-4.430438e+01	-5.668536e+01	 1.640677e+01	-5.656766e+00	 6.118336e+00	-1.177346e+01	-2.661804e+01	-7.961838e-03	-7.862008e-03	-4.182619e-02	 2.223457e-02	-1.107362e-02	-1.217190e-02	 3.879935e-03	 3.645161e-04	 9.332060e-04	 1.967423e-01	 6.470401e+00	-6.902819e-03	 5.095039e-03	-1.193916e+01	 1.409974e-01	 1.170142e+03	 2.992612e-04	
 4.760404e-04	 1.559267e-02	 4.312417e-02	-1.196413e-02	 2.156772e-03	-2.961216e-03	 7.684429e-01	 3.897568e-01	 8.877511e-03	 1.246512e+00	 4.337713e+00	 8.811514e-01	-3.948240e+00	 8.254092e+01	 7.180123e+01	 4.522221e+01	 1.771570e+01	-4.006007e+00	-2.030751e-01	-1.046280e+00	 3.816957e+00	 3.624924e+00	 2.885621e-03	 7.807876e-04	-1.564896e-02	 7.468673e-03	-6.703504e-03	-6.992641e-03	-9.168656e-06	 1.688650e-04	 2.454922e-04	 1.313527e-01	 4.312417e+00	-5.224477e-03	 9.754506e-03	-7.837180e+00	 9.319053e-02	 2.926168e+02	 1.944936e-04	
 2.756789e-04	 7.150524e-03	 2.078189e-02	-2.480170e-04	 6.691661e-03	-2.814744e-04	 3.560229e-01	 1.822957e-01	 8.321802e-03	 6.631568e-01	-1.154922e+01	 1.636542e+00	 7.200660e+00	-4.430438e+01	 4.522221e+01	 8.621811e+01	 5.404413e+01	-1.188172e+01	-9.313571e-01	-7.889410e-01	 5.016180e+00	 8.027121e+00	 2.123276e-03	 9.818654e-05	-9.658530e-03	 2.429645e-03	 1.125720e-02	-8.925995e-03	 3.080999e-04	-3.382609e-04	 8.360536e-04	 6.358264e-02	 2.078189e+00	-3.192374e-03	 5.147853e-03	-3.656164e+00	 4.297644e-02	 8.878410e+01	 1.123979e-04	
 1.043463e-04	 1.926239e-03	 6.599267e-03	 9.355930e-03	 7.087976e-03	 1.195137e-03	 1.018275e-01	 9.659061e-02	 2.697930e-03	 2.463834e-01	-5.457163e+01	 5.918379e-01	 5.299012e+00	-5.668536e+01	 1.771570e+01	 5.404413e+01	 1.046520e+02	-9.767519e+00	-6.160572e-01	-1.522669e+00	 5.884182e+00	 3.445006e+01	 6.438020e-03	 9.669466e-04	-6.154785e-03	-6.188003e-03	 1.620174e-02	 3.814348e-02	 3.845335e-04	-1.317374e-03	 2.424941e-03	 2.006833e-02	 6.599267e-01	-1.701704e-03	 6.289047e-03	-1.034606e+00	 1.218548e-02	 1.980098e+02	 4.249987e-05	
 5.833022e-05	 2.171713e-03	 5.682455e-03	-3.518958e-03	-1.544059e-03	-6.390174e-04	 1.048931e-01	 4.722041e-02	 7.128782e-05	 1.768491e-01	 1.399475e-01	 4.967950e-02	-3.016390e+00	 1.640677e+01	-4.006007e+00	-1.188172e+01	-9.767519e+00	 6.537107e+00	 1.630959e-01	-1.433308e-01	-2.177641e+00	-2.627115e+00	-1.144052e-03	 4.762701e-04	-9.804955e-04	 6.578801e-04	-1.240126e-03	-1.540846e-02	-6.346283e-05	 9.131478e-06	-3.621932e-04	 1.723609e-02	 5.682455e-01	-4.587516e-04	 7.615066e-04	-1.075778e+00	 1.275847e-02	 4.801800e+01	 2.368620e-05	
 8.652756e-06	 3.559086e-04	 9.569825e-04	-2.185541e-04	 4.717293e-04	 3.821920e-05	 1.754090e-02	 1.360973e-02	-4.036269e-05	 3.339861e-02	 2.452932e-01	-1.168770e-02	-2.430868e-01	-5.656766e+00	-2.030751e-01	-9.313571e-01	-6.160572e-01	 1.630959e-01	 3.326051e+00	 4.721266e-01	 1.121153e-01	 5.603558e-02	-1.335382e-03	 1.657754e-03	 1.573767e-04	-4.852379e-05	 5.177486e-04	-2.819712e-04	 1.921591e-04	 8.584875e-06	 6.069433e-05	 3.073875e-03	 9.569825e-02	-9.250654e-05	 5.357136e-04	-1.778167e-01	 2.146125e-03	-1.769444e+00	 3.407742e-06	
 9.936761e-06	 4.791037e-04	 1.141075e-03	-1.013295e-03	-2.367401e-04	-1.437296e-04	 2.241606e-02	 1.621113e-02	 7.848454e-04	-1.884243e-02	 9.007663e-01	 8.232361e-03	 1.066389e-01	 6.118336e+00	-1.046280e+00	-7.889410e-01	-1.522669e+00	-1.433308e-01	 4.721266e-01	 3.125274e+00	 2.688095e+00	 2.473932e+00	-7.088651e-04	-1.371819e-04	-1.720987e-03	-1.752837e-04	 4.926894e-06	-2.678417e-03	-1.902066e-04	-3.768449e-05	-5.094917e-05	 3.542970e-03	 1.141075e-01	-5.238039e-06	-3.524291e-04	-2.303194e-01	 2.719441e-03	-1.958048e+01	 4.183629e-06	
 2.051354e-05	 7.524888e-04	 2.154309e-03	-6.420632e-05	 2.196306e-04	 3.452498e-07	 3.773180e-02	 1.110345e-02	 8.290670e-04	 4.161660e-04	-5.730762e+00	 1.026240e-01	 2.615888e+00	-1.177346e+01	 3.816957e+00	 5.016180e+00	 5.884182e+00	-2.177641e+00	 1.121153e-01	 2.688095e+00	 1.078802e+01	 1.927678e+01	 2.195360e-03	-2.031498e-04	 2.494518e-03	-6.363800e-04	-2.418413e-03	 5.033681e-03	-5.546131e-05	 4.254485e-04	 3.139615e-04	 6.494387e-03	 2.154309e-01	-3.125567e-04	 3.437966e-04	-3.803055e-01	 4.598894e-03	-8.195321e+01	 8.635949e-06	
-2.084506e-05	-6.591367e-04	-1.564640e-03	 5.383467e-03	 1.205915e-03	 7.936796e-04	-3.041677e-02	 8.257561e-03	-6.227809e-04	-7.208560e-02	-3.386559e+01	 1.243128e-01	 3.434181e+00	-2.661804e+01	 3.624924e+00	 8.027121e+00	 3.445006e+01	-2.627115e+00	 5.603558e-02	 2.473932e+00	 1.927678e+01	 5.407810e+01	 3.339958e-03	-4.868575e-04	 1.372491e-03	-1.269675e-03	-2.000177e-03	 3.073259e-02	 3.765997e-05	 9.499560e-04	 1.699002e-03	-4.954235e-03	-1.564640e-01	 1.240516e-05	 1.858300e-03	 3.153062e-01	-3.593815e-03	-3.028965e+01	-7.994672e-06	
-1.012580e-07	-1.547943e-06	-1.359171e-06	-6.743488e-06	-4.542239e-06	-2.415246e-06	-3.835893e-05	 2.395169e-04	-1.434422e-06	-3.200398e-03	-1.803963e-03	-8.346653e-05	 1.302649e-03	-7.961838e-03	 2.885621e-03	 2.123276e-03	 6.438020e-03	-1.144052e-03	-1.335382e-03	-7.088651e-04	 2.195360e-03	 3.339958e-03	 1.437313e-03	 2.651703e-04	 7.087702e-05	-3.812267e-04	-1.038379e-04	-6.047675e-05	 1.470567e-07	 1.933539e-07	 4.948156e-07	-5.525684e-06	-1.359171e-04	-2.189557e-06	-1.483833e-06	 6.811829e-04	-5.099543e-06	 2.579338e+00	-4.147853e-08	
 3.145121e-08	 2.468773e-07	 2.960579e-06	 4.395812e-06	 3.418624e-07	 2.330838e-06	 3.056080e-05	 4.171940e-04	-4.561226e-07	 1.231621e-03	-2.476611e-04	 3.480469e-06	-3.570351e-04	-7.862008e-03	 7.807876e-04	 9.818654e-05	 9.669466e-04	 4.762701e-04	 1.657754e-03	-1.371819e-04	-2.031498e-04	-4.868575e-04	 2.651703e-04	 8.602166e-04	 1.149888e-05	 7.218525e-04	 2.946122e-05	-5.742740e-04	-2.069067e-07	-5.458353e-08	 5.034921e-07	 7.062032e-06	 2.960579e-04	-2.054243e-06	 2.610067e-06	-2.120103e-04	 3.350780e-06	 1.809354e+00	 1.164918e-08	
-5.494362e-08	 1.013939e-06	-9.064291e-06	-2.730705e-05	 6.128471e-06	-1.351318e-05	-4.353437e-05	 1.045092e-03	 2.896115e-05	 2.085433e-03	 1.076355e-03	-3.200167e-04	 4.027084e-03	-4.182619e-02	-1.564896e-02	-9.658530e-03	-6.154785e-03	-9.804955e-04	 1.573767e-04	-1.720987e-03	 2.494518e-03	 1.372491e-03	 7.087702e-05	 1.149888e-05	 7.214225e-03	-3.891791e-04	 6.299240e-04	 4.811546e-03	-8.125860e-08	-5.069370e-07	-3.862300e-06	-2.728374e-05	-9.064291e-04	 1.032376e-05	-3.065091e-05	 8.409694e-05	-6.722643e-06	-9.688839e-01	-2.492641e-08	
 1.178629e-07	 7.659682e-06	 1.112097e-05	 1.648417e-05	 2.506484e-07	 8.576283e-06	 3.099757e-04	-2.787836e-04	 3.975219e-06	 3.488046e-03	 4.502804e-03	 2.728389e-05	-1.997284e-03	 2.223457e-02	 7.468673e-03	 2.429645e-03	-6.188003e-03	 6.578801e-04	-4.852379e-05	-1.752837e-04	-6.363800e-04	-1.269675e-03	-3.812267e-04	 7.218525e-04	-3.891791e-04	 2.881262e-03	 4.886440e-04	-7.806405e-04	-1.002152e-07	 5.095708e-07	-6.857604e-07	 3.420278e-05	 1.112097e-03	 5.965080e-06	 1.880005e-05	-3.347010e-03	 3.682883e-05	-3.830453e-01	 5.478810e-08	
-8.910596e-07	-5.370627e-06	-3.158509e-05	-1.030184e-05	-2.867933e-06	-1.005037e-05	-3.602764e-04	 3.080546e-04	 8.707832e-06	 1.453208e-04	-6.602842e-03	 2.100482e-04	 1.560811e-03	-1.107362e-02	-6.703504e-03	 1.125720e-02	 1.620174e-02	-1.240126e-03	 5.177486e-04	 4.926894e-06	-2.418413e-03	-2.000177e-03	-1.038379e-04	 2.946122e-05	 6.299240e-04	 4.886440e-04	 6.169158e-03	 7.612263e-03	 1.807416e-07	-4.435015e-07	 9.532404e-07	-8.699001e-05	-3.158509e-03	 1.540521e-05	-1.152395e-05	 3.889183e-03	-4.353035e-05	-6.627960e-01	-3.511078e-07	
-3.936414e-06	-2.585372e-05	-1.354705e-04	-9.639761e-05	-9.702262e-06	-6.985649e-05	-1.543308e-03	-2.337822e-03	-1.325180e-05	-5.212447e-03	-2.231901e-02	-1.079540e-03	 1.826401e-03	-1.217190e-02	-6.992641e-03	-8.925995e-03	 3.814348e-02	-1.540846e-02	-2.819712e-04	-2.678417e-03	 5.033681e-03	 3.073259e-02	-6.047675e-05	-5.742740e-04	 4.811546e-03	-7.806405e-04	 7.612263e-03	 7.178718e-02	 6.773728e-07	-4.142260e-06	 9.020890e-06	-3.705181e-04	-1.354705e-02	 6.114170e-05	-8.668256e-05	 1.734848e-02	-1.860683e-04	-2.137115e+01	-1.572897e-06	
-7.179247e-10	-1.029131e-07	-2.236261e-07	 1.643103e-07	-1.081132e-07	 3.128090e-08	-4.740039e-06	 3.402543e-06	 5.182743e-08	-6.741960e-06	-2.186865e-04	 2.200311e-06	 1.080009e-04	 3.879935e-03	-9.168656e-06	 3.080999e-04	 3.845335e-04	-6.346283e-05	 1.921591e-04	-1.902066e-04	-5.546131e-05	 3.765997e-05	 1.470567e-07	-2.069067e-07	-8.125860e-08	-1.002152e-07	 1.807416e-07	 6.773728e-07	 3.856009e-07	-3.728922e-10	-2.000013e-08	-6.886521e-07	-2.236261e-05	-1.330149e-08	-1.111931e-07	 4.748599e-05	-5.738423e-07	 1.621657e-02	-3.532492e-10	
 5.002152e-09	 1.871821e-07	 4.495175e-07	-1.636752e-07	 1.116962e-08	-8.284453e-08	 8.695156e-06	-2.927486e-06	 3.273503e-08	-2.350248e-05	 7.364246e-04	-3.238954e-06	-2.465639e-05	 3.645161e-04	 1.688650e-04	-3.382609e-04	-1.317374e-03	 9.131478e-06	 8.584875e-06	-3.768449e-05	 4.254485e-04	 9.499560e-04	 1.933539e-07	-5.458353e-08	-5.069370e-07	 5.095708e-07	-4.435015e-07	-4.142260e-06	-3.728922e-10	 3.832698e-07	 3.324459e-08	 1.368012e-06	 4.495175e-05	-3.913709e-09	 1.290270e-07	-9.151995e-05	 1.063181e-06	-4.964731e-03	 2.045673e-09	
-2.273800e-08	-9.587252e-07	-1.439566e-06	 1.138868e-05	 4.869000e-07	-8.621714e-07	-3.912957e-05	-7.632339e-05	 8.113415e-07	-5.053313e-05	-8.442127e-05	 1.087695e-06	 2.302342e-04	 9.332060e-04	 2.454922e-04	 8.360536e-04	 2.424941e-03	-3.621932e-04	 6.069433e-05	-5.094917e-05	 3.139615e-04	 1.699002e-03	 4.948156e-07	 5.034921e-07	-3.862300e-06	-6.857604e-07	 9.532404e-07	 9.020890e-06	-2.000013e-08	 3.324459e-08	 6.532712e-06	-4.595155e-06	-1.439566e-04	-7.535276e-07	 3.114376e-06	 4.483668e-04	-4.887838e-06	-3.350143e-02	-8.352706e-09	
 9.498370e-06	 2.020139e-04	 6.495993e-04	-6.897297e-05	 1.269725e-04	 1.708606e-05	 1.037664e-02	 7.457661e-03	 1.375736e-04	 1.757137e-02	 4.067830e-02	-4.426588e-04	-9.149959e-03	 1.967423e-01	 1.313527e-01	 6.358264e-02	 2.006833e-02	 1.723609e-02	 3.073875e-03	 3.542970e-03	 6.494387e-03	-4.954235e-03	-5.525684e-06	 7.062032e-06	-2.728374e-05	 3.420278e-05	-8.699001e-05	-3.705181e-04	-6.886521e-07	 1.368012e-06	-4.595155e-06	 1.969559e-03	 6.495993e-02	-1.427203e-04	 1.367596e-04	-1.066485e-01	 1.254115e-03	 7.005291e+00	 3.843869e-06	
 3.172357e-04	 6.563709e-03	 2.166384e-02	-2.124162e-03	 4.239697e-03	 7.372761e-04	 3.410957e-01	 2.377655e-01	 4.339219e-03	 5.699933e-01	 1.324535e+00	-1.366378e-02	-3.038844e-01	 6.470401e+00	 4.312417e+00	 2.078189e+00	 6.599267e-01	 5.682455e-01	 9.569825e-02	 1.141075e-01	 2.154309e-01	-1.564640e-01	-1.359171e-04	 2.960579e-04	-9.064291e-04	 1.112097e-03	-3.158509e-03	-1.354705e-02	-2.236261e-05	 4.495175e-05	-1.439566e-04	 6.495993e-02	 2.166384e+00	-5.117078e-03	 4.532722e-03	-3.491018e+00	 4.120863e-02	 2.276529e+02	 1.283993e-04	
-7.155979e-07	-3.132769e-06	-5.117078e-05	-6.140105e-06	-1.059816e-05	-1.327715e-05	-4.591285e-04	 2.084088e-05	 1.416843e-05	 8.567836e-04	-1.194225e-03	-1.473619e-06	 1.988067e-04	-6.902819e-03	-5.224477e-03	-3.192374e-03	-1.701704e-03	-4.587516e-04	-9.250654e-05	-5.238039e-06	-3.125567e-04	 1.240516e-05	-2.189557e-06	-2.054243e-06	 1.032376e-05	 5.965080e-06	 1.540521e-05	 6.114170e-05	-1.330149e-08	-3.913709e-09	-7.535276e-07	-1.427203e-04	-5.117078e-03	 3.772329e-05	-1.427732e-05	 3.628676e-03	-5.587347e-05	-1.044466e+00	-2.840828e-07	
 5.248890e-07	 1.201093e-05	 4.532722e-05	 5.398658e-05	 6.107917e-07	 3.293621e-05	 6.902167e-04	-9.785355e-04	-8.981657e-05	 2.812679e-03	 1.220376e-04	-2.834951e-05	-6.475309e-04	 5.095039e-03	 9.754506e-03	 5.147853e-03	 6.289047e-03	 7.615066e-04	 5.357136e-04	-3.524291e-04	 3.437966e-04	 1.858300e-03	-1.483833e-06	 2.610067e-06	-3.065091e-05	 1.880005e-05	-1.152395e-05	-8.668256e-05	-1.111931e-07	 1.290270e-07	 3.114376e-06	 1.367596e-04	 4.532722e-03	-1.427732e-05	 1.042002e-04	-6.895270e-03	 8.715751e-05	-2.330966e+00	 2.009440e-07	
-5.204843e-04	-1.280190e-02	-3.491018e-02	 5.462890e-03	-6.646356e-03	 8.610953e-04	-6.121134e-01	-4.879479e-01	-1.103694e-02	-1.283942e+00	-2.469115e+00	 2.778596e-02	 5.838167e-01	-1.193916e+01	-7.837180e+00	-3.656164e+00	-1.034606e+00	-1.075778e+00	-1.778167e-01	-2.303194e-01	-3.803055e-01	 3.153062e-01	 6.811829e-04	-2.120103e-04	 8.409694e-05	-3.347010e-03	 3.889183e-03	 1.734848e-02	 4.748599e-05	-9.151995e-05	 4.483668e-04	-1.066485e-01	-3.491018e+00	 3.628676e-03	-6.895270e-03	 6.464559e+00	-7.394592e-02	-2.981167e+02	-2.113380e-04	
 5.877773e-06	 1.450381e-04	 4.120863e-04	-6.645325e-05	 7.659608e-05	-5.769318e-06	 7.083536e-03	 5.056290e-03	 1.090003e-04	 1.334401e-02	 2.933458e-02	-3.474624e-04	-6.893429e-03	 1.409974e-01	 9.319053e-02	 4.297644e-02	 1.218548e-02	 1.275847e-02	 2.146125e-03	 2.719441e-03	 4.598894e-03	-3.593815e-03	-5.099543e-06	 3.350780e-06	-6.722643e-06	 3.682883e-05	-4.353035e-05	-1.860683e-04	-5.738423e-07	 1.063181e-06	-4.887838e-06	 1.254115e-03	 4.120863e-02	-5.587347e-05	 8.715751e-05	-7.394592e-02	 8.565149e-04	 3.225128e+00	 2.384924e-06	
 7.243689e-02	 4.219410e-01	 2.276529e+00	-2.966286e+00	 7.354944e-01	-1.153503e+00	 2.734460e+01	 9.210319e+02	 7.436580e+00	-1.455492e+03	-7.407279e+01	 3.079995e+00	-1.306507e+02	 1.170142e+03	 2.926168e+02	 8.878410e+01	 1.980098e+02	 4.801800e+01	-1.769444e+00	-1.958048e+01	-8.195321e+01	-3.028965e+01	 2.579338e+00	 1.809354e+00	-9.688839e-01	-3.830453e-01	-6.627960e-01	-2.137115e+01	 1.621657e-02	-4.964731e-03	-3.350143e-02	 7.005291e+00	 2.276529e+02	-1.044466e+00	-2.330966e+00	-2.981167e+02	 3.225128e+00	 4.754383e+06	 2.845651e-02	
 2.437726e-08	 3.933467e-07	 1.283993e-06	-4.813214e-09	 2.797957e-07	 6.121342e-08	 1.983609e-05	 2.208857e-05	 4.247864e-07	 4.516090e-05	 5.347077e-05	 6.468657e-08	-1.335992e-05	 2.992612e-04	 1.944936e-04	 1.123979e-04	 4.249987e-05	 2.368620e-05	 3.407742e-06	 4.183629e-06	 8.635949e-06	-7.994672e-06	-4.147853e-08	 1.164918e-08	-2.492641e-08	 5.478810e-08	-3.511078e-07	-1.572897e-06	-3.532492e-10	 2.045673e-09	-8.352706e-09	 3.843869e-06	 1.283993e-04	-2.840828e-07	 2.009440e-07	-2.113380e-04	 2.384924e-06	 2.845651e-02	 9.868052e-09	
