#          omega_b,        omega_cdm,                h,     ln10^{10}A_s,              n_s,         tau_reio,  delta_Neff_drmd,      log10z_stop,       f_idm_drmd,      log10G/(aH),        A_cib_217,        xi_sz_cib,             A_sz,     ps_A_100_100,     ps_A_143_143,     ps_A_143_217,     ps_A_217_217,         ksz_norm,     gal545_A_100,     gal545_A_143, gal545_A_143_217,     gal545_A_217,    galf_TE_A_100, galf_TE_A_100_143, galf_TE_A_100_217,    galf_TE_A_143, galf_TE_A_143_217,    galf_TE_A_217,       calib_100T,       calib_217T,         A_planck,                M,               H0,          Omega_m,           sigma8,             rs_d,           f_drmd,       z_dec_drmd,              YHe
 4.995813e-08	 6.278564e-07	 2.266294e-06	 3.534690e-07	 6.202308e-07	 2.460432e-07	 3.247700e-05	 5.608834e-05	 1.228034e-06	 1.666261e-04	 7.298615e-05	-2.157939e-06	-1.817294e-05	 3.523359e-04	 1.124459e-04	 1.501625e-05	-1.966502e-05	 3.340017e-05	 4.913045e-06	-1.976320e-06	-8.161749e-06	-2.423894e-05	-9.671089e-08	-8.067272e-08	-4.521052e-07	-2.559306e-07	-7.806152e-07	-4.008582e-06	-3.679973e-10	 4.155857e-09	-7.351754e-09	 6.838716e-06	 2.266294e-04	-6.431035e-07	 3.460208e-08	-3.547259e-04	 3.947729e-06	 4.638755e-02	 1.991456e-08	
 6.278564e-07	 1.825936e-05	 4.275707e-05	-1.335796e-06	 1.221203e-05	-3.318621e-07	 8.199327e-04	 7.362348e-04	 2.274234e-05	 4.425103e-03	 2.474125e-03	-8.212501e-05	-3.147233e-04	 9.988522e-03	 7.698183e-03	 4.594498e-03	 2.989257e-03	 8.016729e-04	 3.787944e-04	 1.760503e-04	 1.558062e-04	-6.779198e-04	-2.666717e-07	 3.391747e-06	-5.092083e-06	 5.430258e-06	-2.294630e-06	-4.089054e-05	-6.013352e-08	 5.522986e-08	-4.849798e-07	 1.329308e-04	 4.275707e-03	 7.036700e-07	 6.226418e-06	-8.885233e-03	 9.977696e-05	-7.437437e-01	 2.525442e-07	
 2.266294e-06	 4.275707e-05	 1.502334e-04	 3.261132e-06	 4.156217e-05	 1.339929e-05	 2.278102e-03	 1.669224e-03	 4.024073e-05	 1.101259e-02	 7.273895e-03	-1.801467e-04	-1.655435e-03	 3.408624e-02	 1.867322e-02	 7.168778e-03	 2.546247e-03	 3.169856e-03	 7.673920e-04	 1.903991e-04	 6.023335e-05	-2.330896e-03	-4.802320e-06	 1.987158e-06	-2.006493e-05	-2.688604e-06	-3.413220e-05	-1.732313e-04	-1.415527e-07	 1.469980e-07	-9.081342e-07	 4.530766e-04	 1.502334e-02	-4.242965e-05	 1.807913e-05	-2.324662e-02	 2.770254e-04	-2.466731e+00	 9.083134e-07	
 3.534690e-07	-1.335796e-06	 3.261132e-06	 1.981437e-04	 1.824395e-05	 8.500763e-05	-6.510553e-05	-3.920217e-04	 3.128428e-05	 3.350174e-04	-3.165149e-03	 1.934861e-04	 2.022045e-03	-3.559264e-02	-1.190585e-02	 2.380901e-03	 4.943725e-03	-3.632550e-03	-8.278949e-04	-8.061724e-04	-7.171716e-04	 7.196349e-04	 5.483135e-06	 1.520244e-06	-2.441788e-05	-1.122674e-05	-3.511203e-05	-1.099439e-04	 5.854711e-08	-2.075888e-07	 9.406193e-06	 1.024655e-05	 3.261132e-04	-5.087758e-06	 4.835921e-05	 3.394961e-04	-9.244465e-06	-2.063877e+00	 1.468964e-07	
 6.202308e-07	 1.221203e-05	 4.156217e-05	 1.824395e-05	 2.763149e-05	 9.922670e-06	 6.270469e-04	 3.966305e-04	 2.199337e-05	 3.311972e-03	-7.683290e-04	 5.615007e-05	 5.178116e-04	-1.312068e-02	-1.270090e-03	 3.259709e-03	 3.643886e-03	-1.264466e-03	 4.777111e-04	-4.571379e-04	-4.874274e-04	-3.248425e-04	 4.285936e-06	 7.370365e-06	 1.479821e-05	 7.449252e-06	-1.183696e-05	-5.634515e-05	-1.087091e-07	 7.517022e-08	 2.576382e-07	 1.247769e-04	 4.156217e-03	-1.106016e-05	 1.415243e-06	-6.476865e-03	 7.595784e-05	-2.725824e+00	 2.490417e-07	
 2.460432e-07	-3.318621e-07	 1.339929e-05	 8.500763e-05	 9.922670e-06	 4.789867e-05	 8.067487e-05	-3.418934e-04	 7.388579e-06	 4.278907e-04	-8.407087e-04	 8.547272e-05	 4.267945e-04	-1.035507e-02	-4.068954e-03	-6.883549e-04	-2.011392e-03	-5.314449e-04	-4.196535e-04	-7.365652e-05	 9.461972e-05	-2.562349e-04	 1.990338e-06	-1.409359e-06	-1.421482e-05	-6.741376e-06	-2.686685e-05	-6.339487e-05	-7.992425e-08	-5.965508e-08	-2.486361e-06	 3.799467e-05	 1.339929e-03	-1.245545e-05	 2.479518e-05	-4.809404e-04	 8.934833e-06	-1.300444e+00	 1.008898e-07	
 3.247700e-05	 8.199327e-04	 2.278102e-03	-6.510553e-05	 6.270469e-04	 8.067487e-05	 3.959215e-02	 2.962270e-02	 8.541213e-04	 2.002402e-01	 1.248880e-01	-3.689187e-03	-2.229200e-02	 5.493194e-01	 3.676261e-01	 1.857996e-01	 1.058303e-01	 4.829828e-02	 1.620572e-02	 7.063661e-03	 6.081145e-03	-3.630946e-02	-3.892324e-05	 1.195666e-04	-2.947628e-04	 1.620587e-04	-3.006353e-04	-2.269945e-03	-2.842266e-06	 2.314777e-06	-2.255296e-05	 6.979688e-03	 2.278102e-01	-2.863982e-04	 3.323721e-04	-4.158719e-01	 4.816154e-03	-4.396282e+01	 1.304930e-05	
 5.608834e-05	 7.362348e-04	 1.669224e-03	-3.920217e-04	 3.966305e-04	-3.418934e-04	 2.962270e-02	 3.870636e-01	 4.140441e-03	 8.431531e-01	-6.106566e-02	-1.181086e-03	-1.235421e-02	 6.622471e-01	 3.140846e-01	 2.058328e-01	 2.091239e-01	 1.474511e-02	 4.755459e-03	 2.486817e-02	 5.241690e-02	 1.227906e-01	-1.745164e-04	-5.681763e-04	-9.298248e-04	-8.577172e-04	 1.494976e-03	 1.526726e-03	-1.229639e-06	 2.733260e-06	-9.791838e-05	 5.235370e-03	 1.669224e-01	 1.463849e-04	-8.464795e-04	-3.784639e-01	 3.642602e-03	 7.664652e+02	 2.205425e-05	
 1.228034e-06	 2.274234e-05	 4.024073e-05	 3.128428e-05	 2.199337e-05	 7.388579e-06	 8.541213e-04	 4.140441e-03	 2.006163e-04	-1.495299e-03	 3.089608e-03	-2.341571e-04	 9.715655e-04	-1.941642e-03	-5.910455e-05	 1.127613e-03	 1.509159e-04	 1.004483e-04	-2.728803e-05	 4.986497e-04	 6.520502e-04	-3.583199e-04	-3.756658e-06	-4.998121e-06	 2.750390e-05	-1.071673e-06	 1.175845e-05	 4.550878e-05	-9.120360e-08	 1.873783e-07	-1.702388e-06	 1.280758e-04	 4.024073e-03	 1.329932e-05	-6.665061e-05	-1.057466e-02	 1.007116e-04	 1.606280e+01	 4.969106e-07	
 1.666261e-04	 4.425103e-03	 1.101259e-02	 3.350174e-04	 3.311972e-03	 4.278907e-04	 2.002402e-01	 8.431531e-01	-1.495299e-03	 1.260099e+01	 5.675791e-02	-2.913556e-03	-2.298356e-01	 5.481646e+00	 2.296862e+00	 1.149051e+00	 8.953815e-01	 4.037891e-01	 5.343855e-02	 2.376478e-02	 1.626931e-02	-8.216715e-02	 2.895709e-03	-3.861014e-04	-1.383895e-02	 2.514898e-03	 4.514629e-03	-1.201703e-02	-4.204676e-05	 1.508776e-06	-8.120065e-04	 3.449765e-02	 1.101259e+00	-3.232395e-04	 2.924779e-03	-2.197153e+00	 2.470202e-02	-2.094664e+03	 6.720386e-05	
 7.298615e-05	 2.474125e-03	 7.273895e-03	-3.165149e-03	-7.683290e-04	-8.407087e-04	 1.248880e-01	-6.106566e-02	 3.089608e-03	 5.675791e-02	 4.474026e+01	-4.105510e-01	-7.810005e-01	 3.300084e+01	 1.683400e+00	-1.317424e+01	-5.471097e+01	-5.034754e-01	 3.662576e-01	 6.065447e-01	-5.587583e+00	-3.326279e+01	 1.412043e-03	-1.740438e-03	-4.879138e-03	-1.616741e-03	-3.444794e-03	-2.970274e-02	-2.098266e-04	 7.161084e-04	 8.018196e-04	 2.211143e-02	 7.273895e-01	-1.292067e-03	-4.615453e-04	-1.275776e+00	 1.552778e-02	 4.747718e+02	 2.867614e-05	
-2.157939e-06	-8.212501e-05	-1.801467e-04	 1.934861e-04	 5.615007e-05	 8.547272e-05	-3.689187e-03	-1.181086e-03	-2.341571e-04	-2.913556e-03	-4.105510e-01	 8.258178e-02	-3.980575e-02	-6.078071e-01	 8.960758e-01	 1.686561e+00	 5.953964e-01	 4.516717e-02	-4.383044e-04	 1.935961e-02	 1.215676e-01	 1.532211e-01	 2.312238e-04	 2.094553e-05	 3.270401e-04	-9.475785e-05	 2.742095e-04	 8.683833e-04	 6.787655e-06	-6.099993e-06	-2.103122e-05	-5.638761e-04	-1.801467e-02	-1.231236e-05	 9.817467e-05	 3.909220e-02	-4.453259e-04	-4.092394e+01	-8.638733e-07	
-1.817294e-05	-3.147233e-04	-1.655435e-03	 2.022045e-03	 5.178116e-04	 4.267945e-04	-2.229200e-02	-1.235421e-02	 9.715655e-04	-2.298356e-01	-7.810005e-01	-3.980575e-02	 3.877264e+00	-3.102932e+01	-3.426956e+00	 7.589976e+00	 5.354753e+00	-2.828392e+00	-2.773858e-01	 1.615517e-01	 2.727685e+00	 3.383218e+00	 1.136983e-04	 5.932755e-04	-9.359994e-04	 2.291007e-03	 1.624415e-04	-8.132239e-03	 6.162153e-05	-4.467574e-05	 2.014169e-04	-4.845015e-03	-1.655435e-01	 8.013078e-04	 3.644726e-04	 1.991629e-01	-2.727720e-03	 8.252910e+01	-7.107564e-06	
 3.523359e-04	 9.988522e-03	 3.408624e-02	-3.559264e-02	-1.312068e-02	-1.035507e-02	 5.493194e-01	 6.622471e-01	-1.941642e-03	 5.481646e+00	 3.300084e+01	-6.078071e-01	-3.102932e+01	 7.728870e+02	 6.995871e+01	-5.429262e+01	-5.666769e+01	 1.502861e+01	-5.798264e+00	 5.017675e+00	-1.300821e+01	-2.297436e+01	-2.057481e-02	-1.759764e-02	-3.786803e-02	-1.490458e-02	 2.531561e-02	 1.586865e-01	 3.651238e-03	 8.511784e-04	 2.258142e-05	 1.044901e-01	 3.408624e+00	-9.157513e-03	-6.590175e-03	-5.341240e+00	 6.697871e-02	 1.350525e+03	 1.410859e-04	
 1.124459e-04	 7.698183e-03	 1.867322e-02	-1.190585e-02	-1.270090e-03	-4.068954e-03	 3.676261e-01	 3.140846e-01	-5.910455e-05	 2.296862e+00	 1.683400e+00	 8.960758e-01	-3.426956e+00	 6.995871e+01	 6.535774e+01	 4.415744e+01	 1.885027e+01	-4.934444e+00	-1.535705e-01	-1.194465e+00	 3.385380e+00	 3.799785e+00	 8.052598e-04	-7.701222e-04	 1.030333e-03	-6.354428e-03	 1.320714e-02	 5.724012e-02	 3.777061e-05	 2.287573e-05	-1.919396e-04	 5.851382e-02	 1.867322e+00	-5.309487e-04	 4.473372e-03	-3.708995e+00	 4.511286e-02	 2.525364e+02	 4.631112e-05	
 1.501625e-05	 4.594498e-03	 7.168778e-03	 2.380901e-03	 3.259709e-03	-6.883549e-04	 1.857996e-01	 2.058328e-01	 1.127613e-03	 1.149051e+00	-1.317424e+01	 1.686561e+00	 7.589976e+00	-5.429262e+01	 4.415744e+01	 8.875556e+01	 5.616881e+01	-1.203633e+01	-8.305271e-01	-3.939179e-01	 5.618641e+00	 8.787272e+00	 5.881620e-03	 1.571162e-03	 1.202757e-02	 4.948012e-03	 1.749780e-02	 3.885015e-02	 2.973459e-04	-5.343481e-04	 3.928798e-04	 2.366278e-02	 7.168778e-01	 3.203354e-03	 6.914193e-03	-2.003214e+00	 2.280491e-02	-2.290482e+02	 8.296951e-06	
-1.966502e-05	 2.989257e-03	 2.546247e-03	 4.943725e-03	 3.643886e-03	-2.011392e-03	 1.058303e-01	 2.091239e-01	 1.509159e-04	 8.953815e-01	-5.471097e+01	 5.953964e-01	 5.354753e+00	-5.666769e+01	 1.885027e+01	 5.616881e+01	 1.066765e+02	-9.198168e+00	-9.793056e-01	-1.227265e+00	 5.638351e+00	 3.372212e+01	-1.260410e-03	 3.131084e-03	 1.340038e-02	 8.938020e-03	 1.561759e-02	 5.914931e-02	 3.657234e-04	-1.431577e-03	 1.843733e-03	 9.654275e-03	 2.546247e-01	 3.972493e-03	 6.647190e-03	-1.186759e+00	 1.274120e-02	-2.660997e+02	-5.715846e-06	
 3.340017e-05	 8.016729e-04	 3.169856e-03	-3.632550e-03	-1.264466e-03	-5.314449e-04	 4.829828e-02	 1.474511e-02	 1.004483e-04	 4.037891e-01	-5.034754e-01	 4.516717e-02	-2.828392e+00	 1.502861e+01	-4.934444e+00	-1.203633e+01	-9.198168e+00	 6.107392e+00	 2.184992e-01	-1.534522e-01	-2.200691e+00	-2.279300e+00	-8.364794e-04	-1.174601e-03	-6.146688e-03	-2.579862e-03	-2.639560e-03	-5.300750e-03	-3.869123e-05	-8.400312e-06	-3.134776e-04	 9.432864e-03	 3.169856e-01	-1.126931e-03	-1.346705e-03	-4.500302e-01	 5.836835e-03	-1.072763e+02	 1.344910e-05	
 4.913045e-06	 3.787944e-04	 7.673920e-04	-8.278949e-04	 4.777111e-04	-4.196535e-04	 1.620572e-02	 4.755459e-03	-2.728803e-05	 5.343855e-02	 3.662576e-01	-4.383044e-04	-2.773858e-01	-5.798264e+00	-1.535705e-01	-8.305271e-01	-9.793056e-01	 2.184992e-01	 3.458014e+00	 5.786550e-01	 1.916573e-01	 6.641933e-02	-2.799124e-04	 1.075767e-03	 2.372223e-03	 6.083819e-04	-3.014975e-03	 8.925493e-04	 2.006778e-04	 6.754118e-07	 8.317339e-05	 2.240460e-03	 7.673920e-02	 1.205031e-04	 7.458331e-05	-1.733361e-01	 1.983494e-03	-3.367712e+01	 2.106701e-06	
-1.976320e-06	 1.760503e-04	 1.903991e-04	-8.061724e-04	-4.571379e-04	-7.365652e-05	 7.063661e-03	 2.486817e-02	 4.986497e-04	 2.376478e-02	 6.065447e-01	 1.935961e-02	 1.615517e-01	 5.017675e+00	-1.194465e+00	-3.939179e-01	-1.227265e+00	-1.534522e-01	 5.786550e-01	 3.152185e+00	 2.680389e+00	 2.604593e+00	-4.139744e-06	-1.199028e-03	 1.535344e-03	 5.858144e-04	 1.259215e-03	-1.196877e-03	-1.800856e-04	-2.974980e-05	-3.239140e-05	 7.609642e-04	 1.903991e-02	 2.056567e-04	-5.769662e-05	-7.725546e-02	 9.074798e-04	 5.351810e+01	-7.787589e-07	
-8.161749e-06	 1.558062e-04	 6.023335e-05	-7.171716e-04	-4.874274e-04	 9.461972e-05	 6.081145e-03	 5.241690e-02	 6.520502e-04	 1.626931e-02	-5.587583e+00	 1.215676e-01	 2.727685e+00	-1.300821e+01	 3.385380e+00	 5.618641e+00	 5.638351e+00	-2.200691e+00	 1.916573e-01	 2.680389e+00	 1.067746e+01	 1.892648e+01	-7.486438e-04	-1.095358e-04	 2.210880e-03	 1.497822e-04	 4.394866e-03	 1.025809e-02	-4.950362e-05	 4.025487e-04	-1.241933e-04	 6.552486e-04	 6.023335e-03	 2.580904e-04	 2.904393e-04	-5.929711e-02	 7.696155e-04	 8.990933e+01	-3.091354e-06	
-2.423894e-05	-6.779198e-04	-2.330896e-03	 7.196349e-04	-3.248425e-04	-2.562349e-04	-3.630946e-02	 1.227906e-01	-3.583199e-04	-8.216715e-02	-3.326279e+01	 1.532211e-01	 3.383218e+00	-2.297436e+01	 3.799785e+00	 8.787272e+00	 3.372212e+01	-2.279300e+00	 6.641933e-02	 2.604593e+00	 1.892648e+01	 5.318805e+01	-3.439680e-03	 5.744589e-04	 7.716724e-03	-1.249395e-04	 6.990496e-03	 3.987244e-02	 3.719831e-05	 9.158124e-04	 4.690248e-04	-6.489357e-03	-2.330896e-01	 6.599627e-04	 7.896113e-04	 3.687839e-01	-4.582568e-03	-1.939610e+01	-9.108153e-06	
-9.671089e-08	-2.666717e-07	-4.802320e-06	 5.483135e-06	 4.285936e-06	 1.990338e-06	-3.892324e-05	-1.745164e-04	-3.756658e-06	 2.895709e-03	 1.412043e-03	 2.312238e-04	 1.136983e-04	-2.057481e-02	 8.052598e-04	 5.881620e-03	-1.260410e-03	-8.364794e-04	-2.799124e-04	-4.139744e-06	-7.486438e-04	-3.439680e-03	 1.422437e-03	 2.693224e-04	 3.431482e-05	-3.367586e-04	-1.022854e-04	-1.851218e-04	-2.646406e-07	 1.088575e-07	-1.028370e-06	-1.559038e-05	-4.802320e-04	 3.615272e-06	-2.139438e-07	 3.742326e-04	-5.295106e-06	-2.302017e+00	-3.637954e-08	
-8.067272e-08	 3.391747e-06	 1.987158e-06	 1.520244e-06	 7.370365e-06	-1.409359e-06	 1.195666e-04	-5.681763e-04	-4.998121e-06	-3.861014e-04	-1.740438e-03	 2.094553e-05	 5.932755e-04	-1.759764e-02	-7.701222e-04	 1.571162e-03	 3.131084e-03	-1.174601e-03	 1.075767e-03	-1.199028e-03	-1.095358e-04	 5.744589e-04	 2.693224e-04	 8.726579e-04	 1.380501e-05	 7.595933e-04	 2.433706e-05	-8.468691e-04	-2.595757e-07	-3.927088e-07	 8.970338e-07	 7.169831e-06	 1.987158e-04	 5.128930e-06	 5.535415e-06	-1.277979e-03	 1.440933e-05	-2.972089e+00	-3.453565e-08	
-4.521052e-07	-5.092083e-06	-2.006493e-05	-2.441788e-05	 1.479821e-05	-1.421482e-05	-2.947628e-04	-9.298248e-04	 2.750390e-05	-1.383895e-02	-4.879138e-03	 3.270401e-04	-9.359994e-04	-3.786803e-02	 1.030333e-03	 1.202757e-02	 1.340038e-02	-6.146688e-03	 2.372223e-03	 1.535344e-03	 2.210880e-03	 7.716724e-03	 3.431482e-05	 1.380501e-05	 6.925180e-03	-3.062138e-04	 7.051245e-04	 4.545446e-03	-6.358462e-07	 7.867532e-07	-8.993793e-07	-5.954164e-05	-2.006493e-03	 6.662538e-06	-3.016328e-05	 2.931804e-03	-3.348632e-05	-2.404675e+00	-1.846217e-07	
-2.559306e-07	 5.430258e-06	-2.688604e-06	-1.122674e-05	 7.449252e-06	-6.741376e-06	 1.620587e-04	-8.577172e-04	-1.071673e-06	 2.514898e-03	-1.616741e-03	-9.475785e-05	 2.291007e-03	-1.490458e-02	-6.354428e-03	 4.948012e-03	 8.938020e-03	-2.579862e-03	 6.083819e-04	 5.858144e-04	 1.497822e-04	-1.249395e-04	-3.367586e-04	 7.595933e-04	-3.062138e-04	 2.986649e-03	 5.287469e-04	-1.384871e-03	-3.328747e-07	-6.266331e-07	 2.966313e-07	-2.899052e-06	-2.688604e-04	 1.323888e-05	 4.213498e-06	-1.793131e-03	 1.967199e-05	-5.553413e+00	-1.010348e-07	
-7.806152e-07	-2.294630e-06	-3.413220e-05	-3.511203e-05	-1.183696e-05	-2.686685e-05	-3.006353e-04	 1.494976e-03	 1.175845e-05	 4.514629e-03	-3.444794e-03	 2.742095e-04	 1.624415e-04	 2.531561e-02	 1.320714e-02	 1.749780e-02	 1.561759e-02	-2.639560e-03	-3.014975e-03	 1.259215e-03	 4.394866e-03	 6.990496e-03	-1.022854e-04	 2.433706e-05	 7.051245e-04	 5.287469e-04	 6.393289e-03	 8.252244e-03	 1.353194e-07	 1.436759e-07	 1.684797e-06	-9.725315e-05	-3.413220e-03	 2.484658e-05	-1.685690e-05	 2.663528e-03	-3.519472e-05	 5.260477e+00	-3.219764e-07	
-4.008582e-06	-4.089054e-05	-1.732313e-04	-1.099439e-04	-5.634515e-05	-6.339487e-05	-2.269945e-03	 1.526726e-03	 4.550878e-05	-1.201703e-02	-2.970274e-02	 8.683833e-04	-8.132239e-03	 1.586865e-01	 5.724012e-02	 3.885015e-02	 5.914931e-02	-5.300750e-03	 8.925493e-04	-1.196877e-03	 1.025809e-02	 3.987244e-02	-1.851218e-04	-8.468691e-04	 4.545446e-03	-1.384871e-03	 8.252244e-03	 7.241973e-02	 3.396948e-06	-5.207622e-08	 1.639745e-06	-5.147446e-04	-1.732313e-02	 6.395487e-05	-7.646108e-05	 2.426578e-02	-2.707423e-04	 2.068789e+01	-1.619704e-06	
-3.679973e-10	-6.013352e-08	-1.415527e-07	 5.854711e-08	-1.087091e-07	-7.992425e-08	-2.842266e-06	-1.229639e-06	-9.120360e-08	-4.204676e-05	-2.098266e-04	 6.787655e-06	 6.162153e-05	 3.651238e-03	 3.777061e-05	 2.973459e-04	 3.657234e-04	-3.869123e-05	 2.006778e-04	-1.800856e-04	-4.950362e-05	 3.719831e-05	-2.646406e-07	-2.595757e-07	-6.358462e-07	-3.328747e-07	 1.353194e-07	 3.396948e-06	 3.837462e-07	 1.105158e-09	 1.196964e-08	-4.495278e-07	-1.415527e-05	 5.103298e-09	-1.484132e-07	 2.911034e-05	-3.610428e-07	 2.200744e-02	-1.192291e-10	
 4.155857e-09	 5.522986e-08	 1.469980e-07	-2.075888e-07	 7.517022e-08	-5.965508e-08	 2.314777e-06	 2.733260e-06	 1.873783e-07	 1.508776e-06	 7.161084e-04	-6.099993e-06	-4.467574e-05	 8.511784e-04	 2.287573e-05	-5.343481e-04	-1.431577e-03	-8.400312e-06	 6.754118e-07	-2.974980e-05	 4.025487e-04	 9.158124e-04	 1.088575e-07	-3.927088e-07	 7.867532e-07	-6.266331e-07	 1.436759e-07	-5.207622e-08	 1.105158e-09	 3.700740e-07	-4.519159e-08	 4.476064e-07	 1.469980e-05	-1.229378e-08	-1.293387e-07	-2.781324e-05	 2.731011e-07	 1.889293e-02	 1.715270e-09	
-7.351754e-09	-4.849798e-07	-9.081342e-07	 9.406193e-06	 2.576382e-07	-2.486361e-06	-2.255296e-05	-9.791838e-05	-1.702388e-06	-8.120065e-04	 8.018196e-04	-2.103122e-05	 2.014169e-04	 2.258142e-05	-1.919396e-04	 3.928798e-04	 1.843733e-03	-3.134776e-04	 8.317339e-05	-3.239140e-05	-1.241933e-04	 4.690248e-04	-1.028370e-06	 8.970338e-07	-8.993793e-07	 2.966313e-07	 1.684797e-06	 1.639745e-06	 1.196964e-08	-4.519159e-08	 6.963833e-06	-2.458809e-06	-9.081342e-05	-1.836510e-07	 4.021928e-06	 2.162980e-04	-2.559824e-06	 1.599339e-01	-2.784983e-09	
 6.838716e-06	 1.329308e-04	 4.530766e-04	 1.024655e-05	 1.247769e-04	 3.799467e-05	 6.979688e-03	 5.235370e-03	 1.280758e-04	 3.449765e-02	 2.211143e-02	-5.638761e-04	-4.845015e-03	 1.044901e-01	 5.851382e-02	 2.366278e-02	 9.654275e-03	 9.432864e-03	 2.240460e-03	 7.609642e-04	 6.552486e-04	-6.489357e-03	-1.559038e-05	 7.169831e-06	-5.954164e-05	-2.899052e-06	-9.725315e-05	-5.147446e-04	-4.495278e-07	 4.476064e-07	-2.458809e-06	 1.383948e-03	 4.530766e-02	-1.195389e-04	 5.636631e-05	-7.163684e-02	 8.494165e-04	-7.225845e+00	 2.739230e-06	
 2.266294e-04	 4.275707e-03	 1.502334e-02	 3.261132e-04	 4.156217e-03	 1.339929e-03	 2.278102e-01	 1.669224e-01	 4.024073e-03	 1.101259e+00	 7.273895e-01	-1.801467e-02	-1.655435e-01	 3.408624e+00	 1.867322e+00	 7.168778e-01	 2.546247e-01	 3.169856e-01	 7.673920e-02	 1.903991e-02	 6.023335e-03	-2.330896e-01	-4.802320e-04	 1.987158e-04	-2.006493e-03	-2.688604e-04	-3.413220e-03	-1.732313e-02	-1.415527e-05	 1.469980e-05	-9.081342e-05	 4.530766e-02	 1.502334e+00	-4.242965e-03	 1.807913e-03	-2.324662e+00	 2.770254e-02	-2.466731e+02	 9.083134e-05	
-6.431035e-07	 7.036700e-07	-4.242965e-05	-5.087758e-06	-1.106016e-05	-1.245545e-05	-2.863982e-04	 1.463849e-04	 1.329932e-05	-3.232395e-04	-1.292067e-03	-1.231236e-05	 8.013078e-04	-9.157513e-03	-5.309487e-04	 3.203354e-03	 3.972493e-03	-1.126931e-03	 1.205031e-04	 2.056567e-04	 2.580904e-04	 6.599627e-04	 3.615272e-06	 5.128930e-06	 6.662538e-06	 1.323888e-05	 2.484658e-05	 6.395487e-05	 5.103298e-09	-1.229378e-08	-1.836510e-07	-1.195389e-04	-4.242965e-03	 3.889433e-05	-3.113628e-06	 1.777482e-03	-3.461853e-05	 7.569374e-01	-2.560678e-07	
 3.460208e-08	 6.226418e-06	 1.807913e-05	 4.835921e-05	 1.415243e-06	 2.479518e-05	 3.323721e-04	-8.464795e-04	-6.665061e-05	 2.924779e-03	-4.615453e-04	 9.817467e-05	 3.644726e-04	-6.590175e-03	 4.473372e-03	 6.914193e-03	 6.647190e-03	-1.346705e-03	 7.458331e-05	-5.769662e-05	 2.904393e-04	 7.896113e-04	-2.139438e-07	 5.535415e-06	-3.016328e-05	 4.213498e-06	-1.685690e-05	-7.646108e-05	-1.484132e-07	-1.293387e-07	 4.021928e-06	 5.636631e-05	 1.807913e-03	-3.113628e-06	 7.364550e-05	-3.167855e-03	 4.174492e-05	-5.829524e+00	 1.313705e-08	
-3.547259e-04	-8.885233e-03	-2.324662e-02	 3.394961e-04	-6.476865e-03	-4.809404e-04	-4.158719e-01	-3.784639e-01	-1.057466e-02	-2.197153e+00	-1.275776e+00	 3.909220e-02	 1.991629e-01	-5.341240e+00	-3.708995e+00	-2.003214e+00	-1.186759e+00	-4.500302e-01	-1.733361e-01	-7.725546e-02	-5.929711e-02	 3.687839e-01	 3.742326e-04	-1.277979e-03	 2.931804e-03	-1.793131e-03	 2.663528e-03	 2.426578e-02	 2.911034e-05	-2.781324e-05	 2.162980e-04	-7.163684e-02	-2.324662e+00	 1.777482e-03	-3.167855e-03	 4.455979e+00	-5.066653e-02	 3.434174e+02	-1.422326e-04	
 3.947729e-06	 9.977696e-05	 2.770254e-04	-9.244465e-06	 7.595784e-05	 8.934833e-06	 4.816154e-03	 3.642602e-03	 1.007116e-04	 2.470202e-02	 1.552778e-02	-4.453259e-04	-2.727720e-03	 6.697871e-02	 4.511286e-02	 2.280491e-02	 1.274120e-02	 5.836835e-03	 1.983494e-03	 9.074798e-04	 7.696155e-04	-4.582568e-03	-5.295106e-06	 1.440933e-05	-3.348632e-05	 1.967199e-05	-3.519472e-05	-2.707423e-04	-3.610428e-07	 2.731011e-07	-2.559824e-06	 8.494165e-04	 2.770254e-02	-3.461853e-05	 4.174492e-05	-5.066653e-02	 5.869221e-04	-5.526142e+00	 1.583314e-06	
 4.638755e-02	-7.437437e-01	-2.466731e+00	-2.063877e+00	-2.725824e+00	-1.300444e+00	-4.396282e+01	 7.664652e+02	 1.606280e+01	-2.094664e+03	 4.747718e+02	-4.092394e+01	 8.252910e+01	 1.350525e+03	 2.525364e+02	-2.290482e+02	-2.660997e+02	-1.072763e+02	-3.367712e+01	 5.351810e+01	 8.990933e+01	-1.939610e+01	-2.302017e+00	-2.972089e+00	-2.404675e+00	-5.553413e+00	 5.260477e+00	 2.068789e+01	 2.200744e-02	 1.889293e-02	 1.599339e-01	-7.225845e+00	-2.466731e+02	 7.569374e-01	-5.829524e+00	 3.434174e+02	-5.526142e+00	 5.549336e+06	 1.801311e-02	
 1.991456e-08	 2.525442e-07	 9.083134e-07	 1.468964e-07	 2.490417e-07	 1.008898e-07	 1.304930e-05	 2.205425e-05	 4.969106e-07	 6.720386e-05	 2.867614e-05	-8.638733e-07	-7.107564e-06	 1.410859e-04	 4.631112e-05	 8.296951e-06	-5.715846e-06	 1.344910e-05	 2.106701e-06	-7.787589e-07	-3.091354e-06	-9.108153e-06	-3.637954e-08	-3.453565e-08	-1.846217e-07	-1.010348e-07	-3.219764e-07	-1.619704e-06	-1.192291e-10	 1.715270e-09	-2.784983e-09	 2.739230e-06	 9.083134e-05	-2.560678e-07	 1.313705e-08	-1.422326e-04	 1.583314e-06	 1.801311e-02	 7.968025e-09	
