#          omega_b,        omega_cdm,                h,     ln10^{10}A_s,              n_s,         tau_reio,  delta_Neff_drmd,      log10z_stop,       f_idm_drmd,      log10G/(aH),        A_cib_217,        xi_sz_cib,             A_sz,     ps_A_100_100,     ps_A_143_143,     ps_A_143_217,     ps_A_217_217,         ksz_norm,     gal545_A_100,     gal545_A_143, gal545_A_143_217,     gal545_A_217,    galf_TE_A_100, galf_TE_A_100_143, galf_TE_A_100_217,    galf_TE_A_143, galf_TE_A_143_217,    galf_TE_A_217,       calib_100T,       calib_217T,         A_planck,                M,               H0,          Omega_m,           sigma8,             rs_d,           f_drmd,       z_dec_drmd,              YHe
 2.863654e-08	 3.639248e-07	 9.679640e-07	 3.868485e-07	 4.031792e-07	 4.214043e-08	 1.564897e-05	 1.093866e-05	 1.233536e-06	 1.029482e-04	-7.437475e-05	-1.038440e-07	 1.048629e-05	-1.108458e-04	 1.931781e-05	 9.250830e-05	 2.036026e-04	-4.042418e-05	-8.954045e-06	-8.461100e-06	 8.760991e-06	 5.843568e-05	-1.760216e-07	-6.606199e-08	-9.898470e-07	 2.862632e-07	-1.426544e-06	-1.199973e-06	 6.986442e-09	 3.454122e-09	 3.500064e-08	 2.904329e-06	 9.679640e-05	-5.982621e-08	-3.693149e-07	-1.772784e-04	 1.715597e-06	 8.369596e-03	 1.309668e-08	
 3.639248e-07	 1.446858e-05	 1.971310e-05	 3.068416e-06	 8.346054e-06	-3.403815e-06	 5.349047e-04	 2.191951e-04	 3.479092e-05	 2.354461e-03	 1.865419e-05	-2.604996e-05	 1.266855e-04	 4.769653e-03	 4.804861e-03	 4.552082e-03	 5.378404e-03	-3.857463e-04	-1.158233e-04	 2.982379e-04	 7.370479e-04	 1.191694e-03	-7.464579e-06	 2.695676e-08	-2.012747e-05	 9.129787e-06	-1.332010e-05	-2.283970e-06	 1.000641e-07	 1.467963e-07	 3.076713e-07	 6.484384e-05	 1.971310e-03	 1.177174e-05	-4.364610e-06	-5.881866e-03	 5.854506e-05	 2.637042e-03	 1.665155e-07	
 9.679640e-07	 1.971310e-05	 7.390767e-05	-1.504837e-05	 1.186599e-05	-8.961714e-07	 1.116517e-03	 2.916475e-04	 2.050961e-05	 4.814884e-03	 4.737747e-03	-1.533109e-04	-6.094217e-04	 2.137592e-02	 1.753690e-02	 7.205853e-03	 4.509805e-03	 6.035457e-04	-7.111223e-04	 6.080226e-04	 2.493555e-03	 2.644627e-03	-1.847697e-05	-1.013608e-05	-6.758563e-05	 1.463982e-05	-1.244847e-05	-2.412163e-05	 1.885129e-07	 4.739666e-07	 6.151897e-07	 2.134129e-04	 7.390767e-03	-2.248385e-05	 1.756944e-06	-1.014274e-02	 1.222661e-04	-2.705493e-01	 4.412481e-07	
 3.868485e-07	 3.068416e-06	-1.504837e-05	 2.579598e-04	 2.373365e-05	 9.860933e-05	-1.349522e-04	 7.057557e-04	 5.769020e-05	 7.585986e-03	-1.186281e-02	 6.535756e-04	 5.687087e-04	-1.241620e-02	-1.574524e-02	 6.388134e-03	 1.301468e-02	-3.078008e-03	 2.414395e-03	-1.092262e-04	-1.526842e-03	 6.304200e-03	 4.728562e-05	 4.366817e-05	-2.561697e-05	 1.219609e-05	-1.139899e-04	-2.387767e-04	 5.403588e-07	 2.311486e-07	 1.508521e-05	-3.887052e-05	-1.504837e-03	 1.932294e-05	 6.436399e-05	-5.078672e-04	-1.488709e-05	 7.031443e-01	 1.816458e-07	
 4.031792e-07	 8.346054e-06	 1.186599e-05	 2.373365e-05	 2.292395e-05	 4.937623e-06	 2.679160e-04	 1.381545e-04	 4.749866e-05	 8.618377e-04	-6.237216e-03	 5.614596e-05	 9.421109e-04	-1.727860e-02	-6.069226e-03	 2.685738e-03	 1.001682e-02	-3.128183e-03	 1.821870e-04	-2.596379e-04	 1.295052e-04	 2.875216e-03	-2.669691e-06	 1.421167e-06	-3.084792e-05	 7.745079e-06	-1.822447e-05	-3.173934e-06	-2.043412e-07	-1.655790e-07	 7.152528e-07	 3.894645e-05	 1.186599e-03	 6.795696e-06	-1.504569e-05	-3.431577e-03	 2.950499e-05	-5.877399e-02	 1.875589e-07	
 4.214043e-08	-3.403815e-06	-8.961714e-07	 9.860933e-05	 4.937623e-06	 4.987095e-05	-1.068469e-04	 9.938147e-05	-6.042992e-06	 1.621940e-03	-3.084263e-03	 2.019222e-04	-3.259862e-05	-3.645614e-03	-5.696956e-03	 3.381852e-04	 1.717979e-04	-3.821221e-04	 1.252009e-03	 2.246050e-04	-5.308191e-04	 1.521432e-03	 2.107177e-05	 2.017001e-05	-1.038783e-05	 1.502401e-05	-2.523681e-05	-6.174953e-05	 1.119135e-07	 1.259433e-07	 9.662355e-07	-5.543655e-06	-8.961714e-05	-5.652956e-06	 3.968183e-05	 1.178255e-03	-1.176527e-05	 1.125450e-01	 2.083538e-08	
 1.564897e-05	 5.349047e-04	 1.116517e-03	-1.349522e-04	 2.679160e-04	-1.068469e-04	 2.330146e-02	 6.986834e-03	 9.306866e-04	 9.157928e-02	 5.230256e-02	-2.043854e-03	-3.651625e-03	 3.490800e-01	 3.016684e-01	 1.844564e-01	 1.640285e-01	 1.930509e-04	-8.953826e-03	 1.489430e-02	 4.566852e-02	 5.843456e-02	-3.544725e-04	-9.497659e-05	-1.028821e-03	 3.585284e-04	-2.890876e-04	-2.107113e-04	 4.346699e-06	 8.477805e-06	 7.370337e-06	 3.428322e-03	 1.116517e-01	 1.141881e-04	-2.192035e-05	-2.345908e-01	 2.549700e-03	-3.351000e+00	 7.141445e-06	
 1.093866e-05	 2.191951e-04	 2.916475e-04	 7.057557e-04	 1.381545e-04	 9.938147e-05	 6.986834e-03	 5.766726e-02	 9.987094e-04	 6.580079e-01	 5.047913e-02	 3.350212e-03	-2.904466e-02	 6.335827e-01	 7.865736e-02	-3.470182e-02	-8.640721e-02	 5.097307e-02	 2.586583e-02	-4.185556e-02	-3.861642e-02	-4.845321e-02	 8.078070e-04	-1.285900e-04	-1.310084e-03	-6.354796e-04	-1.074065e-03	-7.424743e-04	 9.121250e-06	-2.392058e-06	 1.017070e-04	 9.595002e-04	 2.916475e-02	 1.985045e-04	-1.516517e-04	-9.023215e-02	 7.639966e-04	 6.314275e+01	 5.081727e-06	
 1.233536e-06	 3.479092e-05	 2.050961e-05	 5.769020e-05	 4.749866e-05	-6.042992e-06	 9.306866e-04	 9.987094e-04	 1.794198e-04	 7.772827e-03	-9.966356e-03	 1.625723e-04	 1.051221e-03	-1.704920e-02	-8.658475e-03	 7.415854e-03	 2.109253e-02	-3.523611e-03	-4.449403e-05	-3.260070e-04	-1.518437e-03	 1.237634e-03	 6.977710e-06	 6.233943e-06	-7.271850e-05	 1.335733e-05	-9.243168e-05	-2.035015e-05	 6.523767e-09	-1.144700e-07	 2.671624e-06	 8.666327e-05	 2.050961e-03	 5.164624e-05	-6.767756e-05	-1.303768e-02	 1.022806e-04	 8.690986e-01	 5.675690e-07	
 1.029482e-04	 2.354461e-03	 4.814884e-03	 7.585986e-03	 8.618377e-04	 1.621940e-03	 9.157928e-02	 6.580079e-01	 7.772827e-03	 9.333601e+00	 1.033175e+00	 2.138045e-02	-3.111414e-01	 7.606009e+00	 1.161353e+00	-1.134245e+00	-2.100398e+00	 7.367533e-01	 4.873284e-01	-2.065680e-01	 7.797647e-02	-2.672977e-02	 7.732106e-03	-5.088107e-03	-1.490276e-02	-8.047816e-03	-1.693612e-02	-1.009898e-02	 1.108511e-04	 9.671142e-06	 1.166624e-03	 1.458744e-02	 4.814884e-01	 7.119739e-04	 1.930158e-04	-1.026215e+00	 1.000981e-02	 3.758867e+02	 4.782240e-05	
-7.437475e-05	 1.865419e-05	 4.737747e-03	-1.186281e-02	-6.237216e-03	-3.084263e-03	 5.230256e-02	 5.047913e-02	-9.966356e-03	 1.033175e+00	 4.618385e+01	-4.133113e-01	-1.017294e+00	 4.723711e+01	 4.526827e+00	-1.252347e+01	-5.497760e+01	-8.578426e-02	-3.446824e-01	 5.450449e-01	-6.543595e+00	-3.549505e+01	-1.453632e-02	-9.102387e-03	-3.611450e-02	 1.171329e-02	 1.607866e-02	 6.750754e-02	 6.886998e-05	 7.617904e-04	 3.332940e-04	 1.333648e-02	 4.737747e-01	-4.115696e-03	 1.845824e-03	-1.414939e-01	 5.665480e-03	-3.404470e+01	-3.567882e-05	
-1.038440e-07	-2.604996e-05	-1.533109e-04	 6.535756e-04	 5.614596e-05	 2.019222e-04	-2.043854e-03	 3.350212e-03	 1.625723e-04	 2.138045e-02	-4.133113e-01	 7.992838e-02	-9.862807e-02	-8.308631e-02	 6.894071e-01	 1.365660e+00	 5.703850e-01	 1.474129e-01	 3.290922e-03	 1.170906e-02	 2.872501e-02	 5.003432e-02	 6.251163e-04	 8.493102e-04	-6.308511e-05	 2.324467e-05	-1.343963e-03	-2.043769e-03	 1.285785e-05	-1.319875e-05	 5.775173e-05	-4.009526e-04	-1.533109e-02	 7.890480e-05	 9.862217e-05	 1.456806e-02	-2.262736e-04	 7.833130e+00	-1.880531e-08	
 1.048629e-05	 1.266855e-04	-6.094217e-04	 5.687087e-04	 9.421109e-04	-3.259862e-05	-3.651625e-03	-2.904466e-02	 1.051221e-03	-3.111414e-01	-1.017294e+00	-9.862807e-02	 3.900670e+00	-2.799070e+01	-2.913724e+00	 7.599146e+00	 5.789764e+00	-3.286994e+00	-1.766138e-01	 2.777959e-01	 2.985934e+00	 4.264991e+00	 1.678098e-03	-3.551736e-04	-6.348018e-03	-1.723987e-03	-4.381320e-03	 2.364963e-03	 1.203500e-04	-3.884865e-05	-1.365296e-04	-1.735028e-03	-6.094217e-02	 7.716880e-04	-2.055258e-04	-2.463768e-02	-3.928486e-04	-7.632633e+01	 5.037373e-06	
-1.108458e-04	 4.769653e-03	 2.137592e-02	-1.241620e-02	-1.727860e-02	-3.645614e-03	 3.490800e-01	 6.335827e-01	-1.704920e-02	 7.606009e+00	 4.723711e+01	-8.308631e-02	-2.799070e+01	 7.598703e+02	 7.709716e+01	-3.707225e+01	-6.466686e+01	 1.351429e+01	-5.756474e+00	 4.315292e+00	-1.746669e+01	-4.027458e+01	-4.064729e-02	-6.326640e-02	-1.138332e-01	-2.318871e-02	 6.622707e-02	-1.696841e-01	 3.948341e-03	 3.574585e-04	 7.011529e-03	 6.448694e-02	 2.137592e+00	-9.203109e-03	 1.216522e-02	-2.451340e+00	 3.851347e-02	 9.901389e+02	-5.735193e-05	
 1.931781e-05	 4.804861e-03	 1.753690e-02	-1.574524e-02	-6.069226e-03	-5.696956e-03	 3.016684e-01	 7.865736e-02	-8.658475e-03	 1.161353e+00	 4.526827e+00	 6.894071e-01	-2.913724e+00	 7.709716e+01	 6.149904e+01	 4.004765e+01	 1.676357e+01	-4.932349e+00	-4.894987e-01	-6.615270e-01	 2.861043e+00	 2.800577e+00	 3.996762e-03	 1.135843e-02	-2.365862e-03	 6.525162e-04	-4.105581e-02	-9.200416e-02	 2.590500e-04	 1.004658e-04	 1.907143e-03	 5.253792e-02	 1.753690e+00	-5.570446e-03	 6.051644e-03	-2.369492e+00	 3.297619e-02	 6.404000e+01	 6.540229e-06	
 9.250830e-05	 4.552082e-03	 7.205853e-03	 6.388134e-03	 2.685738e-03	 3.381852e-04	 1.844564e-01	-3.470182e-02	 7.415854e-03	-1.134245e+00	-1.252347e+01	 1.365660e+00	 7.599146e+00	-3.707225e+01	 4.004765e+01	 8.428516e+01	 5.734747e+01	-1.297451e+01	-7.509880e-01	 4.241432e-01	 4.595911e+00	 8.637906e+00	 1.948370e-02	 1.972283e-02	-1.583640e-02	-2.531344e-03	-6.199735e-02	-6.060413e-02	 6.724252e-04	-7.030679e-04	 9.883497e-04	 2.355866e-02	 7.205853e-01	 2.769972e-03	 3.605631e-03	-1.896695e+00	 2.018505e-02	 5.982848e+00	 4.307187e-05	
 2.036026e-04	 5.378404e-03	 4.509805e-03	 1.301468e-02	 1.001682e-02	 1.717979e-04	 1.640285e-01	-8.640721e-02	 2.109253e-02	-2.100398e+00	-5.497760e+01	 5.703850e-01	 5.789764e+00	-6.466686e+01	 1.676357e+01	 5.734747e+01	 1.054942e+02	-1.077207e+01	-1.396859e-01	-4.276091e-01	 6.792608e+00	 3.603445e+01	 1.593407e-02	 2.399104e-02	 1.510218e-02	 2.038579e-03	-4.116372e-02	-8.037757e-02	 2.712060e-04	-1.466161e-03	 1.243047e-03	 1.559308e-02	 4.509805e-01	 6.879372e-03	-2.001064e-03	-2.116162e+00	 1.802417e-02	 2.151425e+01	 9.505103e-05	
-4.042418e-05	-3.857463e-04	 6.035457e-04	-3.078008e-03	-3.128183e-03	-3.821221e-04	 1.930509e-04	 5.097307e-02	-3.523611e-03	 7.367533e-01	-8.578426e-02	 1.474129e-01	-3.286994e+00	 1.351429e+01	-4.932349e+00	-1.297451e+01	-1.077207e+01	 7.358104e+00	-3.793523e-02	-4.496639e-01	-2.658774e+00	-3.801082e+00	-1.263000e-03	-9.788876e-04	-4.148212e-03	-3.604289e-03	 1.023381e-02	-7.670636e-04	-8.396330e-05	-6.950384e-06	 3.061676e-05	 1.318228e-03	 6.035457e-02	-1.316520e-03	 4.752350e-04	 1.261109e-01	 1.546591e-05	 7.999725e+01	-1.937694e-05	
-8.954045e-06	-1.158233e-04	-7.111223e-04	 2.414395e-03	 1.821870e-04	 1.252009e-03	-8.953826e-03	 2.586583e-02	-4.449403e-05	 4.873284e-01	-3.446824e-01	 3.290922e-03	-1.766138e-01	-5.756474e+00	-4.894987e-01	-7.509880e-01	-1.396859e-01	-3.793523e-02	 3.184504e+00	 6.275897e-01	 5.142030e-01	 9.725946e-01	 1.791865e-03	 3.131091e-03	 9.521154e-03	-8.214004e-05	-2.858862e-03	 2.524710e-04	 1.528106e-04	 4.223332e-05	-2.889280e-05	-2.207238e-03	-7.111223e-02	 3.633278e-04	 1.028506e-03	 7.241083e-02	-9.732693e-04	-4.148814e+00	-3.492211e-06	
-8.461100e-06	 2.982379e-04	 6.080226e-04	-1.092262e-04	-2.596379e-04	 2.246050e-04	 1.489430e-02	-4.185556e-02	-3.260070e-04	-2.065680e-01	 5.450449e-01	 1.170906e-02	 2.777959e-01	 4.315292e+00	-6.615270e-01	 4.241432e-01	-4.276091e-01	-4.496639e-01	 6.275897e-01	 3.457305e+00	 3.060594e+00	 3.331893e+00	-2.062425e-04	 3.238376e-04	-3.264091e-03	 1.137423e-03	 7.829269e-03	 4.358541e-03	-1.912723e-04	 4.423247e-05	 1.610136e-04	 1.362314e-03	 6.080226e-02	 4.701954e-05	 5.080523e-04	-1.218653e-01	 1.648299e-03	-8.855953e+01	-3.903965e-06	
 8.760991e-06	 7.370479e-04	 2.493555e-03	-1.526842e-03	 1.295052e-04	-5.308191e-04	 4.566852e-02	-3.861642e-02	-1.518437e-03	 7.797647e-02	-6.543595e+00	 2.872501e-02	 2.985934e+00	-1.746669e+01	 2.861043e+00	 4.595911e+00	 6.792608e+00	-2.658774e+00	 5.142030e-01	 3.060594e+00	 1.166913e+01	 2.191053e+01	 5.467833e-03	 2.077468e-03	 3.368735e-03	-2.500465e-03	-4.903959e-03	-5.552688e-02	-7.075590e-05	 5.380876e-04	 7.017025e-04	 6.348962e-03	 2.493555e-01	-6.488355e-04	 1.663127e-03	-3.704266e-01	 5.012723e-03	-1.546823e+02	 3.809936e-06	
 5.843568e-05	 1.191694e-03	 2.644627e-03	 6.304200e-03	 2.875216e-03	 1.521432e-03	 5.843456e-02	-4.845321e-02	 1.237634e-03	-2.672977e-02	-3.549505e+01	 5.003432e-02	 4.264991e+00	-4.027458e+01	 2.800577e+00	 8.637906e+00	 3.603445e+01	-3.801082e+00	 9.725946e-01	 3.331893e+00	 2.191053e+01	 6.040216e+01	 1.329972e-02	 4.153659e-04	 3.085808e-02	-1.598384e-02	-9.276630e-03	-1.410550e-01	-1.609146e-04	 1.247359e-03	 2.008163e-03	 6.833570e-03	 2.644627e-01	 2.183353e-04	 3.983387e-03	-5.800314e-01	 6.414496e-03	-1.475772e+02	 2.718131e-05	
-1.760216e-07	-7.464579e-06	-1.847697e-05	 4.728562e-05	-2.669691e-06	 2.107177e-05	-3.544725e-04	 8.078070e-04	 6.977710e-06	 7.732106e-03	-1.453632e-02	 6.251163e-04	 1.678098e-03	-4.064729e-02	 3.996762e-03	 1.948370e-02	 1.593407e-02	-1.263000e-03	 1.791865e-03	-2.062425e-04	 5.467833e-03	 1.329972e-02	 1.446146e-03	 2.822210e-04	 2.227837e-04	-3.985222e-04	-1.069002e-04	-9.060399e-04	 5.478025e-07	-6.244162e-07	-1.573944e-07	-7.029977e-05	-1.847697e-03	 7.205268e-07	 1.815630e-06	 3.393368e-03	-3.924685e-05	 1.509106e+00	-8.246204e-08	
-6.606199e-08	 2.695676e-08	-1.013608e-05	 4.366817e-05	 1.421167e-06	 2.017001e-05	-9.497659e-05	-1.285900e-04	 6.233943e-06	-5.088107e-03	-9.102387e-03	 8.493102e-04	-3.551736e-04	-6.326640e-02	 1.135843e-02	 1.972283e-02	 2.399104e-02	-9.788876e-04	 3.131091e-03	 3.238376e-04	 2.077468e-03	 4.153659e-04	 2.822210e-04	 8.110039e-04	 6.779465e-05	 6.264647e-04	 5.121239e-06	-6.391244e-04	-6.511986e-07	-3.845154e-09	-1.492564e-06	-2.682447e-05	-1.013608e-03	 8.408409e-06	 1.556550e-05	 5.071673e-04	-1.096909e-05	 4.443755e-01	-3.522132e-08	
-9.898470e-07	-2.012747e-05	-6.758563e-05	-2.561697e-05	-3.084792e-05	-1.038783e-05	-1.028821e-03	-1.310084e-03	-7.271850e-05	-1.490276e-02	-3.611450e-02	-6.308511e-05	-6.348018e-03	-1.138332e-01	-2.365862e-03	-1.583640e-02	 1.510218e-02	-4.148212e-03	 9.521154e-03	-3.264091e-03	 3.368735e-03	 3.085808e-02	 2.227837e-04	 6.779465e-05	 7.707040e-03	-3.744864e-04	 1.750995e-04	 4.588394e-03	 7.664999e-07	-8.132990e-07	-7.553623e-06	-1.854737e-04	-6.758563e-03	 1.657754e-05	 2.599505e-05	 9.798437e-03	-1.116810e-04	-5.315142e-01	-4.488868e-07	
 2.862632e-07	 9.129787e-06	 1.463982e-05	 1.219609e-05	 7.745079e-06	 1.502401e-05	 3.585284e-04	-6.354796e-04	 1.335733e-05	-8.047816e-03	 1.171329e-02	 2.324467e-05	-1.723987e-03	-2.318871e-02	 6.525162e-04	-2.531344e-03	 2.038579e-03	-3.604289e-03	-8.214004e-05	 1.137423e-03	-2.500465e-03	-1.598384e-02	-3.985222e-04	 6.264647e-04	-3.744864e-04	 2.776557e-03	 7.685710e-04	-6.505037e-04	-2.628891e-06	 8.315595e-07	-8.208774e-06	 5.249444e-05	 1.463982e-03	 5.913324e-06	 1.062619e-05	-3.857109e-03	 3.895045e-05	-7.396168e-01	 1.185978e-07	
-1.426544e-06	-1.332010e-05	-1.244847e-05	-1.139899e-04	-1.822447e-05	-2.523681e-05	-2.890876e-04	-1.074065e-03	-9.243168e-05	-1.693612e-02	 1.607866e-02	-1.343963e-03	-4.381320e-03	 6.622707e-02	-4.105581e-02	-6.199735e-02	-4.116372e-02	 1.023381e-02	-2.858862e-03	 7.829269e-03	-4.903959e-03	-9.276630e-03	-1.069002e-04	 5.121239e-06	 1.750995e-04	 7.685710e-04	 6.210565e-03	 6.634713e-03	-2.077204e-06	 1.506942e-06	-9.486976e-06	-3.807965e-05	-1.244847e-03	-1.803276e-05	 1.432448e-05	 5.741169e-03	-3.231364e-05	 3.413901e-02	-6.487514e-07	
-1.199973e-06	-2.283970e-06	-2.412163e-05	-2.387767e-04	-3.173934e-06	-6.174953e-05	-2.107113e-04	-7.424743e-04	-2.035015e-05	-1.009898e-02	 6.750754e-02	-2.043769e-03	 2.364963e-03	-1.696841e-01	-9.200416e-02	-6.060413e-02	-8.037757e-02	-7.670636e-04	 2.524710e-04	 4.358541e-03	-5.552688e-02	-1.410550e-01	-9.060399e-04	-6.391244e-04	 4.588394e-03	-6.505037e-04	 6.634713e-03	 6.678428e-02	-5.220874e-06	-1.062389e-06	-4.853576e-05	-6.835650e-05	-2.412163e-03	 1.005617e-05	-7.371940e-05	 3.063175e-03	-2.712407e-05	 4.069135e-01	-5.281778e-07	
 6.986442e-09	 1.000641e-07	 1.885129e-07	 5.403588e-07	-2.043412e-07	 1.119135e-07	 4.346699e-06	 9.121250e-06	 6.523767e-09	 1.108511e-04	 6.886998e-05	 1.285785e-05	 1.203500e-04	 3.948341e-03	 2.590500e-04	 6.724252e-04	 2.712060e-04	-8.396330e-05	 1.528106e-04	-1.912723e-04	-7.075590e-05	-1.609146e-04	 5.478025e-07	-6.511986e-07	 7.664999e-07	-2.628891e-06	-2.077204e-06	-5.220874e-06	 4.119074e-07	 6.880079e-09	 9.240069e-08	 7.663682e-07	 1.885129e-05	 4.140323e-08	 3.187909e-07	-4.746184e-05	 4.655530e-07	 1.186742e-02	 3.106696e-09	
 3.454122e-09	 1.467963e-07	 4.739666e-07	 2.311486e-07	-1.655790e-07	 1.259433e-07	 8.477805e-06	-2.392058e-06	-1.144700e-07	 9.671142e-06	 7.617904e-04	-1.319875e-05	-3.884865e-05	 3.574585e-04	 1.004658e-04	-7.030679e-04	-1.466161e-03	-6.950384e-06	 4.223332e-05	 4.423247e-05	 5.380876e-04	 1.247359e-03	-6.244162e-07	-3.845154e-09	-8.132990e-07	 8.315595e-07	 1.506942e-06	-1.062389e-06	 6.880079e-09	 4.239324e-07	 7.118310e-08	 1.432006e-06	 4.739666e-05	-1.087781e-07	 3.377856e-07	-7.217855e-05	 9.246979e-07	-6.298633e-03	 1.546033e-09	
 3.500064e-08	 3.076713e-07	 6.151897e-07	 1.508521e-05	 7.152528e-07	 9.662355e-07	 7.370337e-06	 1.017070e-04	 2.671624e-06	 1.166624e-03	 3.332940e-04	 5.775173e-05	-1.365296e-04	 7.011529e-03	 1.907143e-03	 9.883497e-04	 1.243047e-03	 3.061676e-05	-2.889280e-05	 1.610136e-04	 7.017025e-04	 2.008163e-03	-1.573944e-07	-1.492564e-06	-7.553623e-06	-8.208774e-06	-9.486976e-06	-4.853576e-05	 9.240069e-08	 7.118310e-08	 6.083870e-06	 1.219447e-06	 6.151897e-05	 1.581954e-07	 4.352769e-06	-1.335646e-04	 7.560175e-07	 9.764722e-02	 1.581020e-08	
 2.904329e-06	 6.484384e-05	 2.134129e-04	-3.887052e-05	 3.894645e-05	-5.543655e-06	 3.428322e-03	 9.595002e-04	 8.666327e-05	 1.458744e-02	 1.333648e-02	-4.009526e-04	-1.735028e-03	 6.448694e-02	 5.253792e-02	 2.355866e-02	 1.559308e-02	 1.318228e-03	-2.207238e-03	 1.362314e-03	 6.348962e-03	 6.833570e-03	-7.029977e-05	-2.682447e-05	-1.854737e-04	 5.249444e-05	-3.807965e-05	-6.835650e-05	 7.663682e-07	 1.432006e-06	 1.219447e-06	 6.390529e-04	 2.134129e-02	-4.959458e-05	-1.974302e-06	-3.203482e-02	 3.753245e-04	-7.194345e-01	 1.324245e-06	
 9.679640e-05	 1.971310e-03	 7.390767e-03	-1.504837e-03	 1.186599e-03	-8.961714e-05	 1.116517e-01	 2.916475e-02	 2.050961e-03	 4.814884e-01	 4.737747e-01	-1.533109e-02	-6.094217e-02	 2.137592e+00	 1.753690e+00	 7.205853e-01	 4.509805e-01	 6.035457e-02	-7.111223e-02	 6.080226e-02	 2.493555e-01	 2.644627e-01	-1.847697e-03	-1.013608e-03	-6.758563e-03	 1.463982e-03	-1.244847e-03	-2.412163e-03	 1.885129e-05	 4.739666e-05	 6.151897e-05	 2.134129e-02	 7.390767e-01	-2.248385e-03	 1.756944e-04	-1.014274e+00	 1.222661e-02	-2.705493e+01	 4.412481e-05	
-5.982621e-08	 1.177174e-05	-2.248385e-05	 1.932294e-05	 6.795696e-06	-5.652956e-06	 1.141881e-04	 1.985045e-04	 5.164624e-05	 7.119739e-04	-4.115696e-03	 7.890480e-05	 7.716880e-04	-9.203109e-03	-5.570446e-03	 2.769972e-03	 6.879372e-03	-1.316520e-03	 3.633278e-04	 4.701954e-05	-6.488355e-04	 2.183353e-04	 7.205268e-07	 8.408409e-06	 1.657754e-05	 5.913324e-06	-1.803276e-05	 1.005617e-05	 4.140323e-08	-1.087781e-07	 1.581954e-07	-4.959458e-05	-2.248385e-03	 4.120216e-05	-1.054439e-05	-3.062160e-03	 1.248437e-05	 2.441613e-01	-2.595551e-08	
-3.693149e-07	-4.364610e-06	 1.756944e-06	 6.436399e-05	-1.504569e-05	 3.968183e-05	-2.192035e-05	-1.516517e-04	-6.767756e-05	 1.930158e-04	 1.845824e-03	 9.862217e-05	-2.055258e-04	 1.216522e-02	 6.051644e-03	 3.605631e-03	-2.001064e-03	 4.752350e-04	 1.028506e-03	 5.080523e-04	 1.663127e-03	 3.983387e-03	 1.815630e-06	 1.556550e-05	 2.599505e-05	 1.062619e-05	 1.432448e-05	-7.371940e-05	 3.187909e-07	 3.377856e-07	 4.352769e-06	-1.974302e-06	 1.756944e-04	-1.054439e-05	 7.729628e-05	 1.473618e-03	-2.728226e-06	-2.314938e-01	-1.687230e-07	
-1.772784e-04	-5.881866e-03	-1.014274e-02	-5.078672e-04	-3.431577e-03	 1.178255e-03	-2.345908e-01	-9.023215e-02	-1.303768e-02	-1.026215e+00	-1.414939e-01	 1.456806e-02	-2.463768e-02	-2.451340e+00	-2.369492e+00	-1.896695e+00	-2.116162e+00	 1.261109e-01	 7.241083e-02	-1.218653e-01	-3.704266e-01	-5.800314e-01	 3.393368e-03	 5.071673e-04	 9.798437e-03	-3.857109e-03	 5.741169e-03	 3.063175e-03	-4.746184e-05	-7.217855e-05	-1.335646e-04	-3.203482e-02	-1.014274e+00	-3.062160e-03	 1.473618e-03	 2.494811e+00	-2.568922e-02	 6.304537e+00	-8.105635e-05	
 1.715597e-06	 5.854506e-05	 1.222661e-04	-1.488709e-05	 2.950499e-05	-1.176527e-05	 2.549700e-03	 7.639966e-04	 1.022806e-04	 1.000981e-02	 5.665480e-03	-2.262736e-04	-3.928486e-04	 3.851347e-02	 3.297619e-02	 2.018505e-02	 1.802417e-02	 1.546591e-05	-9.732693e-04	 1.648299e-03	 5.012723e-03	 6.414496e-03	-3.924685e-05	-1.096909e-05	-1.116810e-04	 3.895045e-05	-3.231364e-05	-2.712407e-05	 4.655530e-07	 9.246979e-07	 7.560175e-07	 3.753245e-04	 1.222661e-02	 1.248437e-05	-2.728226e-06	-2.568922e-02	 2.791594e-04	-3.806564e-01	 7.832398e-07	
 8.369596e-03	 2.637042e-03	-2.705493e-01	 7.031443e-01	-5.877399e-02	 1.125450e-01	-3.351000e+00	 6.314275e+01	 8.690986e-01	 3.758867e+02	-3.404470e+01	 7.833130e+00	-7.632633e+01	 9.901389e+02	 6.404000e+01	 5.982848e+00	 2.151425e+01	 7.999725e+01	-4.148814e+00	-8.855953e+01	-1.546823e+02	-1.475772e+02	 1.509106e+00	 4.443755e-01	-5.315142e-01	-7.396168e-01	 3.413901e-02	 4.069135e-01	 1.186742e-02	-6.298633e-03	 9.764722e-02	-7.194345e-01	-2.705493e+01	 2.441613e-01	-2.314938e-01	 6.304537e+00	-3.806564e-01	 1.704040e+05	 3.830589e-03	
 1.309668e-08	 1.665155e-07	 4.412481e-07	 1.816458e-07	 1.875589e-07	 2.083538e-08	 7.141445e-06	 5.081727e-06	 5.675690e-07	 4.782240e-05	-3.567882e-05	-1.880531e-08	 5.037373e-06	-5.735193e-05	 6.540229e-06	 4.307187e-05	 9.505103e-05	-1.937694e-05	-3.492211e-06	-3.903965e-06	 3.809936e-06	 2.718131e-05	-8.246204e-08	-3.522132e-08	-4.488868e-07	 1.185978e-07	-6.487514e-07	-5.281778e-07	 3.106696e-09	 1.546033e-09	 1.581020e-08	 1.324245e-06	 4.412481e-05	-2.595551e-08	-1.687230e-07	-8.105635e-05	 7.832398e-07	 3.830589e-03	 6.000719e-09	
